sex	age	time	region	H10 Primary education	H15 Preparatory courses	H20 Upper secondary education	"H29 Vocational Education and Training (VET), basic course"	H30 Vocational Education and Training (VET)	H35 Qualifying educational programmes	H40 Short cycle higher education	H50 Vocational bachelors educations	H60 Bachelors programmes	H70 Masters programmes	H80 PhD programmes	H90 Not in education
Men	18	2006	All Denmark	0.00974	0.00061	0.43732	0.13158	0.16954	0.00042	0.00045	0.00045	0.00116	0.00000	0.00000	0.24872
Men	18	2006	Region Hovedstaden	0.00921	0.00100	0.47556	0.11071	0.13646	0.00000	0.00075	0.00087	0.00261	0.00000	0.00000	0.26284
Men	18	2006	Region Midtjylland	0.01022	0.00000	0.44531	0.12423	0.17627	0.00041	0.00027	0.00068	0.00041	0.00000	0.00000	0.24220
Men	18	2006	Region Nordjylland	0.00962	0.00000	0.39929	0.15801	0.19154	0.00082	0.00027	0.00000	0.00110	0.00000	0.00000	0.23935
Men	18	2006	Region Sjælland	0.01169	0.00000	0.41433	0.14349	0.17262	0.00000	0.00021	0.00021	0.00128	0.00000	0.00000	0.25616
Men	18	2006	Region Syddanmark	0.00864	0.00153	0.42067	0.14125	0.18652	0.00098	0.00056	0.00014	0.00028	0.00000	0.00000	0.23945
Men	19	2007	All Denmark	0.00242	0.00084	0.26098	0.06665	0.22271	0.00084	0.00461	0.00506	0.02389	0.00003	0.00000	0.41198
Men	19	2007	Region Hovedstaden	0.00360	0.00108	0.23066	0.06139	0.17347	0.00048	0.00372	0.00769	0.05262	0.00012	0.00000	0.46516
Men	19	2007	Region Midtjylland	0.00256	0.00040	0.30689	0.05301	0.22946	0.00135	0.00540	0.00378	0.01430	0.00000	0.00000	0.38284
Men	19	2007	Region Nordjylland	0.00139	0.00028	0.24404	0.07729	0.26343	0.00166	0.00443	0.00360	0.02022	0.00000	0.00000	0.38366
Men	19	2007	Region Sjælland	0.00264	0.00000	0.23709	0.08196	0.23995	0.00000	0.00549	0.00483	0.01384	0.00000	0.00000	0.41419
Men	19	2007	Region Syddanmark	0.00126	0.00183	0.27248	0.07181	0.24157	0.00084	0.00436	0.00422	0.00857	0.00000	0.00000	0.39306
Men	20	2008	All Denmark	0.00092	0.00123	0.05742	0.03661	0.21767	0.00161	0.01646	0.02040	0.08439	0.00009	0.00000	0.56320
Men	20	2008	Region Hovedstaden	0.00176	0.00088	0.05253	0.03253	0.15527	0.00066	0.01637	0.02659	0.15429	0.00033	0.00000	0.55879
Men	20	2008	Region Midtjylland	0.00129	0.00039	0.06521	0.02756	0.23160	0.00181	0.01643	0.02212	0.07427	0.00000	0.00000	0.55932
Men	20	2008	Region Nordjylland	0.00000	0.00055	0.05299	0.04234	0.25840	0.00273	0.01557	0.01229	0.08304	0.00000	0.00000	0.53210
Men	20	2008	Region Sjælland	0.00046	0.00000	0.05349	0.05119	0.23749	0.00000	0.01453	0.01568	0.02513	0.00000	0.00000	0.60203
Men	20	2008	Region Syddanmark	0.00015	0.00380	0.05999	0.03994	0.25062	0.00307	0.01829	0.01756	0.04111	0.00000	0.00000	0.56547
Men	21	2009	All Denmark	0.00040	0.00139	0.01924	0.02395	0.14800	0.00259	0.02983	0.04153	0.13507	0.00074	0.00003	0.59723
Men	21	2009	Region Hovedstaden	0.00050	0.00070	0.01695	0.02134	0.11227	0.00140	0.03161	0.04716	0.22146	0.00160	0.00000	0.54502
Men	21	2009	Region Midtjylland	0.00049	0.00097	0.02089	0.01931	0.14515	0.00364	0.03340	0.04688	0.13094	0.00049	0.00000	0.59784
Men	21	2009	Region Nordjylland	0.00028	0.00110	0.01378	0.02426	0.17944	0.00441	0.02233	0.02701	0.13782	0.00055	0.00000	0.58903
Men	21	2009	Region Sjælland	0.00025	0.00176	0.02090	0.03600	0.18228	0.00000	0.02669	0.03046	0.03877	0.00000	0.00000	0.66289
Men	21	2009	Region Syddanmark	0.00030	0.00287	0.02267	0.02629	0.16788	0.00363	0.02871	0.04095	0.06558	0.00030	0.00015	0.64068
Men	22	2010	All Denmark	0.00039	0.00173	0.01352	0.02422	0.09288	0.00421	0.03580	0.06724	0.15154	0.01216	0.00006	0.59625
Men	22	2010	Region Hovedstaden	0.00009	0.00147	0.01160	0.01629	0.07438	0.00138	0.03756	0.07125	0.22673	0.02301	0.00000	0.53622
Men	22	2010	Region Midtjylland	0.00096	0.00096	0.01407	0.02213	0.09019	0.00734	0.04305	0.07624	0.15681	0.00842	0.00012	0.57973
Men	22	2010	Region Nordjylland	0.00027	0.00082	0.01015	0.03181	0.10063	0.00521	0.02632	0.04442	0.15520	0.01097	0.00000	0.61420
Men	22	2010	Region Sjælland	0.00027	0.00244	0.01925	0.03742	0.12825	0.00108	0.02684	0.04881	0.03552	0.00271	0.00000	0.69740
Men	22	2010	Region Syddanmark	0.00031	0.00324	0.01467	0.02842	0.10287	0.00618	0.03398	0.07229	0.08264	0.00479	0.00015	0.65045
Men	23	2011	All Denmark	0.00039	0.00206	0.01225	0.02449	0.07112	0.00308	0.03423	0.08551	0.12584	0.05042	0.00045	0.59017
Men	23	2011	Region Hovedstaden	0.00017	0.00207	0.00931	0.02026	0.05562	0.00138	0.03691	0.08735	0.17953	0.08407	0.00043	0.52289
Men	23	2011	Region Midtjylland	0.00072	0.00109	0.01533	0.02004	0.07316	0.00519	0.03996	0.10286	0.13159	0.04105	0.00072	0.56827
Men	23	2011	Region Nordjylland	0.00054	0.00163	0.01111	0.02221	0.08153	0.00190	0.02248	0.06230	0.12486	0.05634	0.00054	0.61457
Men	23	2011	Region Sjælland	0.00028	0.00283	0.01640	0.03789	0.09867	0.00113	0.02403	0.05739	0.02912	0.00622	0.00000	0.72604
Men	23	2011	Region Syddanmark	0.00031	0.00314	0.01193	0.03186	0.07534	0.00518	0.03437	0.08868	0.07487	0.02245	0.00031	0.65155
Men	24	2012	All Denmark	0.00021	0.00208	0.01023	0.02280	0.06129	0.00246	0.02805	0.09292	0.08984	0.09307	0.00142	0.59564
Men	24	2012	Region Hovedstaden	0.00000	0.00226	0.00687	0.01685	0.04820	0.00075	0.02783	0.09623	0.12791	0.15080	0.00159	0.52070
Men	24	2012	Region Midtjylland	0.00012	0.00133	0.01086	0.02015	0.06443	0.00446	0.03294	0.11100	0.08941	0.08313	0.00181	0.58036
Men	24	2012	Region Nordjylland	0.00000	0.00190	0.01004	0.02252	0.06918	0.00244	0.02252	0.06511	0.08383	0.09333	0.00244	0.62670
Men	24	2012	Region Sjælland	0.00029	0.00343	0.01431	0.03549	0.08100	0.00029	0.02461	0.05924	0.02490	0.01574	0.00000	0.74070
Men	24	2012	Region Syddanmark	0.00079	0.00205	0.01359	0.03065	0.06636	0.00427	0.02718	0.09780	0.05799	0.03982	0.00079	0.65871
Men	25	2013	All Denmark	0.00023	0.00185	0.00698	0.01852	0.05206	0.00208	0.02353	0.08624	0.06045	0.11512	0.00478	0.62815
Men	25	2013	Region Hovedstaden	0.00008	0.00145	0.00490	0.01462	0.04218	0.00040	0.02466	0.09198	0.08323	0.18220	0.00763	0.54667
Men	25	2013	Region Midtjylland	0.00060	0.00205	0.00662	0.01493	0.05335	0.00470	0.02553	0.10152	0.05937	0.11139	0.00397	0.61597
Men	25	2013	Region Nordjylland	0.00000	0.00194	0.00610	0.02107	0.05489	0.00083	0.01913	0.06016	0.06072	0.09093	0.00665	0.67757
Men	25	2013	Region Sjælland	0.00000	0.00321	0.00991	0.03089	0.06702	0.00058	0.01748	0.05536	0.01807	0.01894	0.00087	0.77768
Men	25	2013	Region Syddanmark	0.00032	0.00159	0.01050	0.02275	0.06012	0.00350	0.02449	0.08653	0.03976	0.05360	0.00127	0.69556
Men	26	2014	All Denmark	0.00006	0.00134	0.00473	0.01527	0.04594	0.00131	0.01934	0.07053	0.04193	0.11014	0.00950	0.67992
Men	26	2014	Region Hovedstaden	0.00000	0.00101	0.00264	0.01134	0.03604	0.00016	0.01973	0.07541	0.05452	0.17568	0.01514	0.60834
Men	26	2014	Region Midtjylland	0.00024	0.00182	0.00364	0.01164	0.04584	0.00279	0.01977	0.08174	0.04075	0.10405	0.00934	0.67839
Men	26	2014	Region Nordjylland	0.00000	0.00084	0.00557	0.01728	0.04765	0.00139	0.01867	0.05378	0.04347	0.07384	0.00947	0.72806
Men	26	2014	Region Sjælland	0.00000	0.00261	0.00784	0.02728	0.06703	0.00000	0.01596	0.04353	0.01538	0.01683	0.00145	0.80209
Men	26	2014	Region Syddanmark	0.00000	0.00096	0.00828	0.02038	0.05381	0.00239	0.02022	0.07021	0.03136	0.05572	0.00255	0.73412
Men	27	2015	All Denmark	0.00006	0.00080	0.00381	0.01428	0.03790	0.00080	0.01757	0.05570	0.03105	0.08609	0.01296	0.73899
Men	27	2015	Region Hovedstaden	0.00000	0.00068	0.00196	0.01100	0.02984	0.00008	0.01726	0.05841	0.04092	0.13535	0.02110	0.68340
Men	27	2015	Region Midtjylland	0.00025	0.00086	0.00344	0.01191	0.03768	0.00135	0.01792	0.06395	0.02786	0.07807	0.01178	0.74494
Men	27	2015	Region Nordjylland	0.00000	0.00085	0.00368	0.01445	0.04249	0.00170	0.01700	0.03966	0.03343	0.05637	0.01190	0.77847
Men	27	2015	Region Sjælland	0.00000	0.00141	0.00566	0.02433	0.05092	0.00028	0.01528	0.03932	0.01103	0.01867	0.00198	0.83112
Men	27	2015	Region Syddanmark	0.00000	0.00062	0.00718	0.01843	0.04514	0.00141	0.01937	0.05747	0.02436	0.04779	0.00422	0.77401
Men	28	2016	All Denmark	0.00028	0.00034	0.00216	0.00306	0.03736	0.00048	0.01351	0.04468	0.02183	0.05779	0.01500	0.80352
Men	28	2016	Region Hovedstaden	0.00007	0.00022	0.00161	0.00220	0.02978	0.00000	0.01379	0.04599	0.03007	0.08963	0.02486	0.76177
Men	28	2016	Region Midtjylland	0.00110	0.00000	0.00146	0.00256	0.03782	0.00122	0.01354	0.05124	0.01781	0.05209	0.01293	0.80822
Men	28	2016	Region Nordjylland	0.00000	0.00084	0.00167	0.00278	0.04205	0.00111	0.01225	0.03787	0.01921	0.03843	0.01281	0.83097
Men	28	2016	Region Sjælland	0.00000	0.00107	0.00402	0.00590	0.05095	0.00000	0.01126	0.03191	0.00939	0.01609	0.00295	0.86645
Men	28	2016	Region Syddanmark	0.00000	0.00031	0.00337	0.00398	0.04229	0.00046	0.01486	0.04474	0.01823	0.03294	0.00506	0.83377
Men	29	2017	All Denmark	0.00008	0.00033	0.00139	0.00008	0.03489	0.00072	0.01164	0.03447	0.01544	0.03306	0.01405	0.85385
Men	29	2017	Region Hovedstaden	0.00000	0.00022	0.00116	0.00000	0.02784	0.00014	0.01167	0.03429	0.02131	0.05154	0.02327	0.82855
Men	29	2017	Region Midtjylland	0.00036	0.00000	0.00109	0.00024	0.03537	0.00085	0.01139	0.04106	0.01175	0.02701	0.01199	0.85889
Men	29	2017	Region Nordjylland	0.00000	0.00084	0.00141	0.00028	0.04473	0.00253	0.01041	0.02982	0.01181	0.02391	0.01153	0.86273
Men	29	2017	Region Sjælland	0.00000	0.00103	0.00257	0.00000	0.04472	0.00000	0.01002	0.02236	0.00797	0.01028	0.00334	0.89771
Men	29	2017	Region Syddanmark	0.00000	0.00030	0.00152	0.00000	0.03794	0.00121	0.01351	0.03627	0.01411	0.02034	0.00501	0.86978
Total	18	2006	All Denmark	0.00890	0.00037	0.51503	0.12246	0.11914	0.00032	0.00047	0.00062	0.00180	0.00000	0.00000	0.23091
Total	18	2006	Region Hovedstaden	0.00882	0.00057	0.53283	0.09865	0.10043	0.00000	0.00070	0.00102	0.00393	0.00000	0.00000	0.25306
Total	18	2006	Region Midtjylland	0.00853	0.00000	0.53386	0.11838	0.12120	0.00049	0.00035	0.00056	0.00127	0.00000	0.00000	0.21535
Total	18	2006	Region Nordjylland	0.00838	0.00000	0.49147	0.15163	0.12706	0.00058	0.00029	0.00029	0.00072	0.00000	0.00000	0.21957
Total	18	2006	Region Sjælland	0.01152	0.00000	0.48366	0.13596	0.12443	0.00000	0.00055	0.00089	0.00144	0.00000	0.00000	0.24155
Total	18	2006	Region Syddanmark	0.00793	0.00092	0.50785	0.13020	0.13070	0.00057	0.00035	0.00021	0.00071	0.00000	0.00000	0.22056
Total	19	2007	All Denmark	0.00218	0.00058	0.29066	0.06494	0.16406	0.00076	0.00641	0.00832	0.02849	0.00002	0.00000	0.43360
Total	19	2007	Region Hovedstaden	0.00400	0.00067	0.23731	0.05453	0.13006	0.00036	0.00552	0.01062	0.05641	0.00006	0.00000	0.50045
Total	19	2007	Region Midtjylland	0.00196	0.00021	0.34417	0.05515	0.16754	0.00105	0.00769	0.00580	0.02027	0.00000	0.00000	0.39617
Total	19	2007	Region Nordjylland	0.00132	0.00015	0.29066	0.07833	0.19377	0.00175	0.00643	0.00804	0.02353	0.00000	0.00000	0.39603
Total	19	2007	Region Sjælland	0.00173	0.00012	0.26333	0.08000	0.18056	0.00012	0.00739	0.01074	0.01512	0.00000	0.00000	0.44089
Total	19	2007	Region Syddanmark	0.00093	0.00136	0.31582	0.07135	0.17585	0.00086	0.00553	0.00682	0.01464	0.00000	0.00000	0.40683
Total	20	2008	All Denmark	0.00081	0.00105	0.05499	0.03903	0.17400	0.00135	0.02023	0.03736	0.09929	0.00006	0.00000	0.57182
Total	20	2008	Region Hovedstaden	0.00145	0.00059	0.04761	0.03260	0.12025	0.00038	0.02028	0.04030	0.16630	0.00022	0.00000	0.57002
Total	20	2008	Region Midtjylland	0.00087	0.00040	0.05996	0.03168	0.18502	0.00167	0.02128	0.03455	0.09178	0.00000	0.00000	0.57280
Total	20	2008	Region Nordjylland	0.00029	0.00058	0.05297	0.04611	0.21377	0.00219	0.02130	0.03721	0.09456	0.00000	0.00000	0.53101
Total	20	2008	Region Sjælland	0.00050	0.00050	0.05422	0.05136	0.19761	0.00012	0.01965	0.04116	0.03706	0.00000	0.00000	0.59781
Total	20	2008	Region Syddanmark	0.00030	0.00303	0.06122	0.04525	0.20212	0.00265	0.01877	0.03420	0.05388	0.00000	0.00000	0.57858
Total	21	2009	All Denmark	0.00039	0.00112	0.01843	0.02551	0.12876	0.00177	0.03263	0.07675	0.15681	0.00091	0.00002	0.55690
Total	21	2009	Region Hovedstaden	0.00039	0.00044	0.01646	0.02120	0.09381	0.00087	0.03374	0.07653	0.23956	0.00198	0.00000	0.51503
Total	21	2009	Region Midtjylland	0.00056	0.00075	0.01770	0.02295	0.13008	0.00256	0.03690	0.07836	0.15860	0.00056	0.00000	0.55097
Total	21	2009	Region Nordjylland	0.00030	0.00089	0.01419	0.02617	0.15851	0.00311	0.02972	0.07127	0.14875	0.00044	0.00000	0.54665
Total	21	2009	Region Sjælland	0.00027	0.00178	0.02163	0.03683	0.16197	0.00000	0.02766	0.07284	0.04997	0.00014	0.00000	0.62692
Total	21	2009	Region Syddanmark	0.00032	0.00244	0.02300	0.02890	0.14900	0.00252	0.02985	0.08025	0.08568	0.00032	0.00008	0.59765
Total	22	2010	All Denmark	0.00034	0.00153	0.01172	0.02343	0.08663	0.00240	0.03687	0.11593	0.17186	0.01502	0.00003	0.53423
Total	22	2010	Region Hovedstaden	0.00022	0.00116	0.01030	0.01587	0.06660	0.00080	0.03780	0.11002	0.24434	0.02421	0.00000	0.48868
Total	22	2010	Region Midtjylland	0.00062	0.00105	0.01054	0.02226	0.08626	0.00407	0.04446	0.12819	0.18183	0.01326	0.00006	0.50740
Total	22	2010	Region Nordjylland	0.00030	0.00119	0.01008	0.02936	0.09861	0.00297	0.02936	0.10394	0.16607	0.01349	0.00000	0.54463
Total	22	2010	Region Sjælland	0.00029	0.00235	0.01793	0.03645	0.11772	0.00059	0.02851	0.10347	0.04483	0.00397	0.00000	0.64389
Total	22	2010	Region Syddanmark	0.00024	0.00259	0.01333	0.02828	0.09978	0.00380	0.03393	0.12394	0.10043	0.00759	0.00008	0.58601
Total	23	2011	All Denmark	0.00032	0.00189	0.00952	0.02177	0.06898	0.00181	0.03208	0.13522	0.13858	0.05919	0.00037	0.53027
Total	23	2011	Region Hovedstaden	0.00025	0.00180	0.00754	0.01583	0.05263	0.00092	0.03434	0.12620	0.19266	0.08814	0.00046	0.47923
Total	23	2011	Region Midtjylland	0.00049	0.00142	0.01055	0.02018	0.07121	0.00284	0.03887	0.15667	0.14822	0.05436	0.00049	0.49469
Total	23	2011	Region Nordjylland	0.00044	0.00177	0.00927	0.02179	0.07964	0.00147	0.02296	0.12218	0.12263	0.06698	0.00044	0.55042
Total	23	2011	Region Sjælland	0.00015	0.00304	0.01366	0.03507	0.09397	0.00061	0.02353	0.11052	0.03401	0.01215	0.00000	0.67330
Total	23	2011	Region Syddanmark	0.00025	0.00213	0.00991	0.02835	0.07858	0.00303	0.02835	0.14495	0.08530	0.02999	0.00016	0.58899
Total	24	2012	All Denmark	0.00011	0.00193	0.00758	0.02051	0.05938	0.00143	0.02507	0.12960	0.09376	0.10794	0.00116	0.55152
Total	24	2012	Region Hovedstaden	0.00000	0.00187	0.00495	0.01494	0.04509	0.00057	0.02512	0.12327	0.13131	0.16167	0.00150	0.48971
Total	24	2012	Region Midtjylland	0.00006	0.00173	0.00743	0.01827	0.06341	0.00248	0.02972	0.15555	0.09419	0.10316	0.00136	0.52263
Total	24	2012	Region Nordjylland	0.00000	0.00222	0.00739	0.02100	0.06757	0.00148	0.02144	0.10957	0.08088	0.10439	0.00177	0.58229
Total	24	2012	Region Sjælland	0.00015	0.00322	0.01273	0.03344	0.07931	0.00015	0.02224	0.09802	0.02592	0.02408	0.00000	0.70072
Total	24	2012	Region Syddanmark	0.00041	0.00148	0.01046	0.02760	0.06773	0.00247	0.02233	0.13604	0.06056	0.05224	0.00049	0.61816
Total	25	2013	All Denmark	0.00013	0.00164	0.00548	0.01742	0.05089	0.00128	0.02013	0.10575	0.05895	0.13432	0.00369	0.60031
Total	25	2013	Region Hovedstaden	0.00004	0.00140	0.00380	0.01272	0.03933	0.00043	0.02083	0.10582	0.08103	0.20164	0.00586	0.52710
Total	25	2013	Region Midtjylland	0.00031	0.00186	0.00491	0.01480	0.05340	0.00274	0.02157	0.12526	0.05688	0.13428	0.00323	0.58075
Total	25	2013	Region Nordjylland	0.00000	0.00181	0.00484	0.01890	0.05746	0.00076	0.01769	0.08317	0.05293	0.09890	0.00439	0.65916
Total	25	2013	Region Sjælland	0.00000	0.00279	0.00992	0.03069	0.06790	0.00031	0.01643	0.07704	0.01876	0.02775	0.00062	0.74779
Total	25	2013	Region Syddanmark	0.00025	0.00116	0.00778	0.02302	0.05954	0.00199	0.02004	0.10733	0.03934	0.06700	0.00091	0.67164
Total	26	2014	All Denmark	0.00009	0.00117	0.00406	0.01397	0.04556	0.00078	0.01627	0.07906	0.03845	0.12647	0.00790	0.66622
Total	26	2014	Region Hovedstaden	0.00004	0.00102	0.00241	0.00933	0.03420	0.00023	0.01663	0.08116	0.05128	0.19339	0.01204	0.59828
Total	26	2014	Region Midtjylland	0.00019	0.00138	0.00339	0.01148	0.04591	0.00163	0.01668	0.09113	0.03443	0.12218	0.00797	0.66364
Total	26	2014	Region Nordjylland	0.00000	0.00107	0.00458	0.01602	0.05323	0.00092	0.01464	0.06605	0.03600	0.07764	0.00824	0.72163
Total	26	2014	Region Sjælland	0.00015	0.00214	0.00687	0.02566	0.06506	0.00000	0.01329	0.05498	0.01436	0.02535	0.00122	0.79093
Total	26	2014	Region Syddanmark	0.00008	0.00074	0.00677	0.01999	0.05535	0.00124	0.01743	0.07865	0.02990	0.06634	0.00215	0.72135
Total	27	2015	All Denmark	0.00004	0.00076	0.00326	0.01398	0.03898	0.00050	0.01460	0.06022	0.02684	0.09721	0.01091	0.73270
Total	27	2015	Region Hovedstaden	0.00000	0.00077	0.00169	0.00952	0.02884	0.00015	0.01466	0.06074	0.03550	0.14859	0.01665	0.68290
Total	27	2015	Region Midtjylland	0.00019	0.00064	0.00287	0.01159	0.04018	0.00083	0.01554	0.06832	0.02228	0.09060	0.01108	0.73590
Total	27	2015	Region Nordjylland	0.00000	0.00093	0.00355	0.01620	0.04581	0.00108	0.01404	0.04813	0.02653	0.05337	0.00941	0.78097
Total	27	2015	Region Sjælland	0.00000	0.00133	0.00548	0.02533	0.05674	0.00015	0.01244	0.04459	0.01289	0.02119	0.00237	0.81748
Total	27	2015	Region Syddanmark	0.00000	0.00049	0.00586	0.01952	0.04653	0.00073	0.01472	0.06369	0.02131	0.05678	0.00350	0.76688
Total	28	2016	All Denmark	0.00020	0.00040	0.00195	0.00403	0.03782	0.00037	0.01157	0.04795	0.01849	0.06527	0.01302	0.79892
Total	28	2016	Region Hovedstaden	0.00011	0.00043	0.00130	0.00267	0.02808	0.00007	0.01193	0.04821	0.02544	0.09867	0.02064	0.76243
Total	28	2016	Region Midtjylland	0.00070	0.00006	0.00121	0.00311	0.03819	0.00076	0.01186	0.05341	0.01395	0.05963	0.01180	0.80533
Total	28	2016	Region Nordjylland	0.00000	0.00092	0.00168	0.00381	0.04561	0.00107	0.01037	0.04271	0.01647	0.03630	0.01052	0.83054
Total	28	2016	Region Sjælland	0.00000	0.00084	0.00321	0.00838	0.05433	0.00000	0.00978	0.03464	0.01020	0.01941	0.00307	0.85615
Total	28	2016	Region Syddanmark	0.00000	0.00024	0.00375	0.00583	0.04535	0.00040	0.01205	0.05085	0.01461	0.04000	0.00471	0.82221
Total	29	2017	All Denmark	0.00006	0.00030	0.00124	0.00023	0.03478	0.00054	0.00964	0.03812	0.01312	0.03703	0.01257	0.85237
Total	29	2017	Region Hovedstaden	0.00004	0.00040	0.00086	0.00011	0.02566	0.00018	0.00960	0.03734	0.01812	0.05578	0.02006	0.83186
Total	29	2017	Region Midtjylland	0.00019	0.00000	0.00095	0.00013	0.03728	0.00057	0.01006	0.04367	0.00924	0.03101	0.01152	0.85538
Total	29	2017	Region Nordjylland	0.00000	0.00061	0.00107	0.00061	0.04313	0.00199	0.00887	0.03563	0.01193	0.02523	0.00948	0.86145
Total	29	2017	Region Sjælland	0.00000	0.00053	0.00227	0.00053	0.04550	0.00000	0.00747	0.02909	0.00721	0.01414	0.00307	0.89018
Total	29	2017	Region Syddanmark	0.00000	0.00016	0.00189	0.00024	0.04104	0.00087	0.01089	0.03954	0.01113	0.02297	0.00466	0.86662
Women	18	2006	All Denmark	0.00800	0.00010	0.59749	0.11278	0.06568	0.00021	0.00048	0.00079	0.00247	0.00000	0.00000	0.21200
Women	18	2006	Region Hovedstaden	0.00842	0.00013	0.59244	0.08610	0.06292	0.00000	0.00065	0.00117	0.00531	0.00000	0.00000	0.24288
Women	18	2006	Region Midtjylland	0.00672	0.00000	0.62876	0.11212	0.06219	0.00058	0.00044	0.00044	0.00219	0.00000	0.00000	0.18657
Women	18	2006	Region Nordjylland	0.00701	0.00000	0.59378	0.14456	0.05550	0.00030	0.00030	0.00061	0.00030	0.00000	0.00000	0.19762
Women	18	2006	Region Sjælland	0.01134	0.00000	0.55913	0.12775	0.07197	0.00000	0.00093	0.00162	0.00162	0.00000	0.00000	0.22564
Women	18	2006	Region Syddanmark	0.00719	0.00029	0.59787	0.11880	0.07306	0.00014	0.00014	0.00029	0.00115	0.00000	0.00000	0.20106
Women	19	2007	All Denmark	0.00192	0.00031	0.32216	0.06312	0.10180	0.00068	0.00832	0.01177	0.03337	0.00000	0.00000	0.45655
Women	19	2007	Region Hovedstaden	0.00441	0.00025	0.24409	0.04754	0.08577	0.00025	0.00735	0.01360	0.06029	0.00000	0.00000	0.53645
Women	19	2007	Region Midtjylland	0.00131	0.00000	0.38425	0.05744	0.10096	0.00073	0.01015	0.00798	0.02669	0.00000	0.00000	0.41050
Women	19	2007	Region Nordjylland	0.00124	0.00000	0.34272	0.07949	0.11599	0.00186	0.00866	0.01299	0.02722	0.00000	0.00000	0.40984
Women	19	2007	Region Sjælland	0.00073	0.00024	0.29239	0.07784	0.11481	0.00024	0.00949	0.01727	0.01654	0.00000	0.00000	0.47045
Women	19	2007	Region Syddanmark	0.00059	0.00088	0.36106	0.07086	0.10725	0.00088	0.00675	0.00954	0.02098	0.00000	0.00000	0.42121
Women	20	2008	All Denmark	0.00070	0.00087	0.05242	0.04160	0.12795	0.00107	0.02421	0.05525	0.11500	0.00003	0.00000	0.58091
Women	20	2008	Region Hovedstaden	0.00116	0.00032	0.04290	0.03268	0.08664	0.00011	0.02403	0.05344	0.17782	0.00011	0.00000	0.58079
Women	20	2008	Region Midtjylland	0.00041	0.00041	0.05438	0.03607	0.13546	0.00151	0.02643	0.04777	0.11041	0.00000	0.00000	0.58714
Women	20	2008	Region Nordjylland	0.00063	0.00063	0.05294	0.05044	0.16259	0.00157	0.02788	0.06579	0.10777	0.00000	0.00000	0.52976
Women	20	2008	Region Sjælland	0.00054	0.00108	0.05508	0.05157	0.15092	0.00027	0.02565	0.07100	0.05103	0.00000	0.00000	0.59287
Women	20	2008	Region Syddanmark	0.00047	0.00219	0.06254	0.05094	0.15016	0.00219	0.01928	0.05204	0.06755	0.00000	0.00000	0.59263
Women	21	2009	All Denmark	0.00039	0.00084	0.01759	0.02715	0.10855	0.00091	0.03556	0.11373	0.17964	0.00110	0.00000	0.51455
Women	21	2009	Region Hovedstaden	0.00028	0.00019	0.01599	0.02107	0.07639	0.00038	0.03575	0.10423	0.25663	0.00235	0.00000	0.48674
Women	21	2009	Region Midtjylland	0.00064	0.00052	0.01431	0.02681	0.11409	0.00142	0.04061	0.11177	0.18796	0.00064	0.00000	0.50122
Women	21	2009	Region Nordjylland	0.00032	0.00064	0.01467	0.02839	0.13429	0.00159	0.03828	0.12249	0.16140	0.00032	0.00000	0.49761
Women	21	2009	Region Sjælland	0.00030	0.00180	0.02251	0.03782	0.13776	0.00000	0.02881	0.12335	0.06333	0.00030	0.00000	0.58403
Women	21	2009	Region Syddanmark	0.00033	0.00197	0.02336	0.03174	0.12845	0.00132	0.03109	0.12303	0.10757	0.00033	0.00000	0.55082
Women	22	2010	All Denmark	0.00028	0.00133	0.00985	0.02260	0.08010	0.00051	0.03799	0.16678	0.19309	0.01801	0.00000	0.46947
Women	22	2010	Region Hovedstaden	0.00035	0.00086	0.00908	0.01547	0.05930	0.00026	0.03803	0.14643	0.26087	0.02533	0.00000	0.44403
Women	22	2010	Region Midtjylland	0.00025	0.00114	0.00683	0.02240	0.08213	0.00063	0.04594	0.18287	0.20818	0.01835	0.00000	0.43128
Women	22	2010	Region Nordjylland	0.00032	0.00161	0.01001	0.02648	0.09622	0.00032	0.03294	0.17404	0.17888	0.01647	0.00000	0.46271
Women	22	2010	Region Sjælland	0.00032	0.00225	0.01637	0.03530	0.10526	0.00000	0.03049	0.16816	0.05584	0.00546	0.00000	0.58055
Women	22	2010	Region Syddanmark	0.00017	0.00186	0.01186	0.02812	0.09639	0.00119	0.03388	0.18059	0.11994	0.01067	0.00000	0.51533
Women	23	2011	All Denmark	0.00025	0.00171	0.00668	0.01895	0.06676	0.00050	0.02985	0.18691	0.15184	0.06831	0.00028	0.46797
Women	23	2011	Region Hovedstaden	0.00033	0.00155	0.00586	0.01164	0.04982	0.00049	0.03191	0.16288	0.20505	0.09198	0.00049	0.43801
Women	23	2011	Region Midtjylland	0.00025	0.00177	0.00555	0.02032	0.06917	0.00038	0.03774	0.21292	0.16559	0.06828	0.00025	0.41777
Women	23	2011	Region Nordjylland	0.00032	0.00193	0.00709	0.02128	0.07739	0.00097	0.02354	0.19349	0.11996	0.07965	0.00032	0.47404
Women	23	2011	Region Sjælland	0.00000	0.00328	0.01049	0.03180	0.08852	0.00000	0.02295	0.17213	0.03967	0.01902	0.00000	0.61213
Women	23	2011	Region Syddanmark	0.00017	0.00103	0.00771	0.02452	0.08212	0.00069	0.02177	0.20641	0.09669	0.03823	0.00000	0.52066
Women	24	2012	All Denmark	0.00000	0.00179	0.00483	0.01814	0.05739	0.00037	0.02198	0.16769	0.09782	0.12338	0.00089	0.50571
Women	24	2012	Region Hovedstaden	0.00000	0.00150	0.00315	0.01314	0.04218	0.00039	0.02259	0.14866	0.13449	0.17187	0.00142	0.46061
Women	24	2012	Region Midtjylland	0.00000	0.00216	0.00382	0.01628	0.06233	0.00038	0.02633	0.20252	0.09922	0.12428	0.00089	0.46177
Women	24	2012	Region Nordjylland	0.00000	0.00260	0.00422	0.01917	0.06565	0.00032	0.02015	0.16282	0.07735	0.11765	0.00097	0.52909
Women	24	2012	Region Sjælland	0.00000	0.00298	0.01091	0.03107	0.07736	0.00000	0.01950	0.14281	0.02711	0.03372	0.00000	0.65455
Women	24	2012	Region Syddanmark	0.00000	0.00086	0.00706	0.02428	0.06923	0.00052	0.01705	0.17772	0.06337	0.06578	0.00017	0.57396
Women	25	2013	All Denmark	0.00003	0.00143	0.00392	0.01628	0.04969	0.00046	0.01661	0.12595	0.05740	0.15419	0.00255	0.57149
Women	25	2013	Region Hovedstaden	0.00000	0.00135	0.00278	0.01095	0.03668	0.00045	0.01725	0.11875	0.07899	0.21979	0.00420	0.50881
Women	25	2013	Region Midtjylland	0.00000	0.00167	0.00308	0.01465	0.05346	0.00064	0.01735	0.15060	0.05423	0.15870	0.00244	0.54318
Women	25	2013	Region Nordjylland	0.00000	0.00166	0.00333	0.01630	0.06055	0.00067	0.01597	0.11078	0.04358	0.10845	0.00166	0.63706
Women	25	2013	Region Sjælland	0.00000	0.00232	0.00994	0.03047	0.06890	0.00000	0.01524	0.10169	0.01954	0.03776	0.00033	0.71381
Women	25	2013	Region Syddanmark	0.00017	0.00069	0.00484	0.02332	0.05891	0.00035	0.01520	0.12992	0.03887	0.08155	0.00052	0.64565
Women	26	2014	All Denmark	0.00012	0.00099	0.00336	0.01262	0.04517	0.00024	0.01310	0.08789	0.03484	0.14336	0.00625	0.65206
Women	26	2014	Region Hovedstaden	0.00007	0.00102	0.00219	0.00744	0.03248	0.00029	0.01372	0.08656	0.04824	0.21004	0.00912	0.58882
Women	26	2014	Region Midtjylland	0.00013	0.00091	0.00312	0.01130	0.04599	0.00039	0.01338	0.10120	0.02767	0.14160	0.00650	0.64783
Women	26	2014	Region Nordjylland	0.00000	0.00135	0.00337	0.01449	0.05999	0.00034	0.00977	0.08089	0.02696	0.08224	0.00674	0.71385
Women	26	2014	Region Sjælland	0.00032	0.00161	0.00580	0.02386	0.06286	0.00000	0.01032	0.06770	0.01322	0.03482	0.00097	0.77853
Women	26	2014	Region Syddanmark	0.00017	0.00052	0.00515	0.01957	0.05701	0.00000	0.01442	0.08774	0.02833	0.07778	0.00172	0.70759
Women	27	2015	All Denmark	0.00003	0.00072	0.00268	0.01368	0.04010	0.00018	0.01150	0.06492	0.02246	0.10878	0.00879	0.72616
Women	27	2015	Region Hovedstaden	0.00000	0.00086	0.00143	0.00810	0.02789	0.00022	0.01219	0.06296	0.03033	0.16119	0.01240	0.68242
Women	27	2015	Region Midtjylland	0.00013	0.00040	0.00225	0.01124	0.04286	0.00026	0.01296	0.07303	0.01627	0.10411	0.01032	0.72615
Women	27	2015	Region Nordjylland	0.00000	0.00102	0.00339	0.01829	0.04978	0.00034	0.01050	0.05825	0.01829	0.04978	0.00643	0.78395
Women	27	2015	Region Sjælland	0.00000	0.00124	0.00529	0.02644	0.06314	0.00000	0.00933	0.05039	0.01493	0.02395	0.00280	0.80249
Women	27	2015	Region Syddanmark	0.00000	0.00034	0.00441	0.02071	0.04804	0.00000	0.00968	0.07045	0.01799	0.06654	0.00272	0.75912
Women	28	2016	All Denmark	0.00012	0.00047	0.00174	0.00506	0.03830	0.00026	0.00953	0.05139	0.01497	0.07312	0.01094	0.79410
Women	28	2016	Region Hovedstaden	0.00014	0.00064	0.00100	0.00314	0.02644	0.00014	0.01012	0.05038	0.02095	0.10745	0.01653	0.76308
Women	28	2016	Region Midtjylland	0.00026	0.00013	0.00092	0.00370	0.03858	0.00026	0.01004	0.05576	0.00978	0.06779	0.01057	0.80219
Women	28	2016	Region Nordjylland	0.00000	0.00101	0.00169	0.00506	0.04992	0.00101	0.00809	0.04857	0.01315	0.03373	0.00776	0.83002
Women	28	2016	Region Sjælland	0.00000	0.00058	0.00233	0.01108	0.05800	0.00000	0.00816	0.03760	0.01108	0.02303	0.00321	0.84494
Women	28	2016	Region Syddanmark	0.00000	0.00017	0.00417	0.00783	0.04867	0.00033	0.00900	0.05751	0.01067	0.04767	0.00433	0.80963
Women	29	2017	All Denmark	0.00003	0.00026	0.00108	0.00038	0.03467	0.00035	0.00753	0.04197	0.01069	0.04121	0.01101	0.85082
Women	29	2017	Region Hovedstaden	0.00007	0.00057	0.00057	0.00021	0.02352	0.00021	0.00756	0.04035	0.01497	0.05995	0.01689	0.83512
Women	29	2017	Region Midtjylland	0.00000	0.00000	0.00080	0.00000	0.03937	0.00027	0.00862	0.04653	0.00650	0.03539	0.01100	0.85154
Women	29	2017	Region Nordjylland	0.00000	0.00034	0.00067	0.00101	0.04122	0.00134	0.00704	0.04256	0.01206	0.02681	0.00704	0.85992
Women	29	2017	Region Sjælland	0.00000	0.00000	0.00194	0.00111	0.04635	0.00000	0.00472	0.03636	0.00638	0.01832	0.00278	0.88204
Women	29	2017	Region Syddanmark	0.00000	0.00000	0.00230	0.00049	0.04439	0.00049	0.00806	0.04308	0.00789	0.02581	0.00427	0.86320
